20239
19998
17774
23593
16531
53373
20191
22397
19737
20346
22832
22260
22990
15020
12648
12625
20924
20967
19881
24616
19715
10479
19487
22718
13618
1342
2701
2542
1400
4300
76
2600
2554
219
120
996
28054
768
1399
829
215
3600
103
8800
12
308
19942
145
209
73
3725
4693
2447
1265
20439
14004
6312
45456
6702
984
3029
18757
771
53499
45532
17388
529
4667
16469
13888
21091
12984
10986
2563
655
4367
754
15263
8419
8642
3761
699
1015
23495
16960
14400
16081
3093
7001
15697
3291
15663
18127
14291
12296
10477
781
10366
22169
18216
14838
12116
18735
20748
10607
18155
24571
14407
17161
13650
14872
17824
14837
19068
13646
14814
17208
15137
17135
14304
22282
14220
15284
14868
24912
1661
236
140
9551
222
4078
773
887
560
1477
154
1590
7166
90
11696
8867
15850
2856
5713
2024
10964
5177
1594
20759
15230
2554
6133
1182
4014
17866
173
1703
4017
706
1563
1159
7896
2098
13058
19706
19142
2028
707
2126
1183
12590
5697
4715
6382
18613
14568
29214
24790
33768
42083
30282
25664
42713
32049
35190
17179
17400
17000
14761
36848
16845
48531
29261
23984
7787
16967
16737
17482
8177
8224
35815
20006
38240
25539
37279
31348
11511
26359
24525
27915
16432
24575
17945
52556
47913
55302
20802
24145
4018
15250
2892
12814
24811
22373
22693
8649
8299
7128
2306
10376
13015
17860
6615
16949
341
23393
7885
22096
17362
12545
18674
11310
19347
1342
2554
1232
1727
996
1399
3207
766
41
2680
20203
3296
779
1597
2610
3300
16643
1228
2527
2000
18269
2232
9662
14591
599
24471
9550
15517
10671
24485
20772
1327
17198
13347
7123
23682
11892
18913
21414
18189
4512
11365
9612
22823
13537
14859
23302
18183
10852
21682
15665
18251
15353
22065
14006
7787
22160
15097
16358
11748
19719
5430
22636
17451
12629
16737
14070
11615
23033
8177
15127
7188
16059
7010
8997
84
345
174
43
2600
219
1184
35
16
768
36
1399
215
236
103
1257
2610
910
541
159
5230
175
18857
421
60
22381
3623
15250
16653
1493
9914
13007
9411
2832
11029
18013
2030
3327
15888
13008
14080
10623
6523
7986
994
4015
2502
1753
7805
8499
3544
3013
1618
5790
3487
2918
16435
1050
14347
5053
14734
6587
2919
17621
2571
6562
120
1965
20774
12216
19564
24882
16921
6422
3294
22169
17188
17053
10966
25472
26960
25982
20598
24035
23034
19139
17563
21692
22752
19273
17168
1232
3207
7370
61
2130
1
6762
5
5669
2
17306
2162
18
4776
16780
300
13169
20125
12784
612
14735
19785
18250
19581
12252
24518
16287
15489
13610
1320
13613
13614
13611
926
14969
21077
18477
13612
13791
17829
20842
22108
53453
6605
18843
1319
16266
636
13615
19549
146
157
2788
1480
3499
7423
21687
18019
6879
19514
18505
5141
22787
10586
24025
137
6927
22307
8178
21656
6985
6980
6984
20730
19782
203
23
202
2376
15263
36020
24968
22976
16081
13642
584
35381
35380
30576
15132
11255
10633
585
35379
36022
18485
13602
20785
19446
23200
20562
19588
18491
19982
18889
19414
19756
18084
19984
18890
2614
24790
8914
699
17306
20023
2445
1468
2888
2064
14472
17299
20897
23186
13944
1265
20300
17297
19211
382
1216
27995
19218
21324
19212
1184
215
103
1257
910
421
60
78
558
15
2226
2166
3155
2759
95
1965
1259
559
3526
1947
560
711
19678
2609
106
30926
24455
22969
23851
33377
22643
9654
16429
31347
30510
22622
30341
25537
33056
27155
30359
28691
21406
20841
29161
32646
31905
29968
17503
24411
21581
21786
32020
25593
21567
2837
15047
19663
3333
31509
27599
22678
23526
21289
20149
7384
27535
23110
20142
23109
24129
22898
20581
22330
21855
17193
22615
21287
22299
24462
22058
24411
21799
