18812
63267
18092
22813
13704
63979
66927
64202
63951
51709
63937
65546
39331
41121
42663
44054
44664
44676
17808
16901
10774
58290
60806
33378
15943
64084
27566
61418
67924
63167
23211
67099
67327
56393
18627
67867
58084
58069
36460
47903
21124
43960
44715
13598
43923
51144
49619
34648
29476
5781
63185
67400
62007
48006
57403
57403
66978
11040
13834
18262
23444
22111
18197
67932
64369
55639
26376
39320
18244
18245
65578
66810
67102
66894
25335
27451
59140
9053
35878
40597
57719
46285
66912
61571
16388
15212
18771
20823
20824
20825
20865
26712
33463
17543
20077
24300
24867
13938
19842
18518
61961
58254
11494
29251
62290
19604
67119
44070
40597
30484
26456
24255
19982
64220
27278
43734
22388
22830
31176
15462
60199
55569
58154
55533
22356
58254
61091
26456
63305
63329
44181
43822
43823
61565
55638
56645
22971
46022
56801
55637
55733
50718
31032
67273
43767
38996
60680
43822
43823
19075
20664
22633
23953
24383
24549
31559
38974
53279
53497
53640
54311
55766
66261
53634
33414
28602
28603
28604
39976
28605
28827
17335
16743
18583
27844
16874
17106
16789
17344
52929
9892
15305
22751
51787
55836
42421
58501
29476
42377
42695
43501
43956
44373
67320
8822
8864
18367
18368
29114
36460
43960
13598
34648
62812
36777
33388
35151
35163
37634
28358
12356
61920
61980
62024
62120
63679
20562
28258
24960
15871
44301
55483
16237
64598
64322
65213
63478
57584
57584
11590
29052
41211
43851
45060
48082
49482
51381
52831
54723
55860
58244
60551
67264
11766
12949
11049
24217
17915
17501
13808
63634
52288
38316
13848
64674
40694
61500
15915
15915
48212
63151
28210
49887
57584
61108
57584
61527
16812
16813
16814
55136
46842
61404
12603
19756
61162
66853
49977
18106
35390
42300
43315
46625
46626
46627
46628
41147
39410
54456
26710
55175
6099
20761
48383
13792
20790
61565
67094
66776
45207
46111
26091
17670
47846
31154
43787
43748
34708
44236
43652
40194
42463
34991
35010
23848
16210
14536
24243
34841
36826
20577
52611
15463
51162
60571
64976
25039
25526
57832
12489
42256
57584
57584
35315
13247
59327
64274
55423
55423
55135
46541
45058
53439
34469
18123
12332
37534
36978
30021
35825
38150
26370
37011
32056
33539
37567
59151
16234
30021
44244
57584
57584
17791
14399
57878
57879
57880
56708
20079
35404
14541
36972
38548
39325
38737
14512
17708
4562
4570
4740
4566
4561
4565
4563
4569
4564
4741
4567
4568
51516
26363
15543
19497
55700
34715
52331
52332
18014
21544
11453
15557
57584
57584
50930
18864
23654
45550
25575
28930
22918
25863
55367
26353
57584
51826
57584
67096
63129
61528
8876
61460
39835
39492
63284
57584
57584
12487
57865
67094
67052
35568
64760
64129
67253
29613
32348
32349
30912
5158
28559
52843
42192
29049
28789
40496
40902
20079
44157
44157
27844
11769
41968
27574
57584
57584
49855
57865
38734
30922
54664
54664
12072
17879
17880
12646
14159
44017
27641
51787
50743
38705
38706
43760
28578
17363
58818
28485
13804
12251
24546
57449
60594
52140
61627
56820
60080
64912
66787
66557
65266
31746
35054
36941
65301
42036
60841
57584
23616
57584
44161
44911
55072
54002
26891
38712
30702
57429
37468
20964
16815
26489
11176
49878
60616
43698
48878
42711
60635
53761
17738
17739
42064
54498
54498
61500
27296
19021
19184
18962
64902
63206
50435
61351
51225
18899
63647
28124
65031
64983
64913
63762
21940
61768
18983
63914
52635
64853
62933
43291
39220
13219
59539
59539
59539
43849
60417
58149
18085
22741
49977
36941
53279
43787
62248
20564
25756
28427
30913
31952
42292
16235
63193
57584
57584
22543
22393
65457
13219
64129
27782
22813
55456
17240
12949
11744
10682
50398
14912
12105
12437
29049
28789
40496
40902
26826
10346
15915
15915
26092
28080
27144
28081
28082
28534
28622
28828
30067
30994
32509
33744
36938
55855
65530
61357
62753
52927
67010
23578
23566
8591
8591
35444
62318
27610
20440
14151
19689
39953
33838
33838
17372
18215
63284
29114
10604
13038
43926
28702
47963
15626
18715
15915
15915
55456
12356
23801
37733
66805
18090
18455
22016
20398
44749
25680
22078
24962
52611
23289
10687
42524
16066
16067
14713
14788
54975
54997
55023
60204
16020
42377
42695
43501
43956
44373
46683
47164
47352
52443
54551
65448
55265
59996
46891
58661
34382
17258
10764
15459
50633
28113
24960
39884
14343
25097
43389
26818
30046
29539
22575
24515
29950
23615
29956
25370
30521
23285
29538
29985
25434
29925
25435
30512
29943
29986
29537
25576
29536
30517
29922
23047
29923
30518
29924
25394
30519
25503
29933
24908
30520
26415
19854
11766
40086
43535
50173
57270
44162
43652
22384
17261
18864
23654
45550
25575
28930
62922
45121
33033
42497
38361
45513
39314
29179
16796
16795
41307
18623
19431
22384
15375
17899
30906
17758
29857
28523
26082
18535
17963
18029
18208
18263
18403
18404
18454
18490
18585
19045
18672
18944
26515
10824
50594
54035
42212
42212
50485
64706
18061
12812
26608
61059
51227
46640
17631
50926
18064
32854
17419
33595
41065
67402
17830
57584
57584
56708
51012
51013
51014
61091
27215
43698
28211
33738
57584
57584
60863
60079
59905
56997
59889
60366
23484
35919
61390
27610
20703
64821
59926
6484
67930
43475
67427
13703
63144
61311
65178
18059
15060
65339
64706
20244
12247
31881
31882
31883
31947
52880
50786
14537
17267
29772
44958
57584
57584
17298
17248
10384
17242
13861
28078
16236
64830
12949
16709
16499
18106
17577
15324
34422
42063
42561
65183
65263
63220
63259
15732
17353
17714
17715
17716
17717
15885
18111
18296
58088
58090
16883
45979
47207
51703
36416
63174
31628
34445
36011
39739
46527
48590
51612
40778
60656
64867
64453
29279
57892
50838
42852
26811
29826
11176
33534
17230
29476
65178
67387
55639
27878
39889
52011
41943
29523
31042
24809
60892
63144
20949
24766
44098
43233
39765
60347
25755
25850
27267
27345
22384
51338
28578
45787
57584
57584
19588
16260
27610
47196
13024
62281
22768
22769
17736
6691
13557
65419
19440
50513
64811
18918
16492
16934
15297
18611
46631
46632
14158
9824
11650
50154
12949
38996
17550
12950
36780
11770
12726
12727
16848
13256
15645
13825
10687
5105
30696
38996
27774
29013
30923
47473
30915
31432
31636
31720
33184
35732
55367
67860
67163
13096
56212
64590
60656
11586
51023
54835
56859
66980
52933
53749
53779
62281
61075
14399
51005
12603
16236
14703
18825
16828
57964
18112
38705
38706
24915
29175
13059
13149
41968
37052
35525
30949
54202
54020
54421
54600
39835
9892
45715
55879
31441
62243
67779
9893
35657
47720
66845
27855
28114
29825
28519
54972
66839
11893
60847
42592
18015
18108
43047
42563
46718
54482
45150
17311
67080
27018
22780
38660
16824
64805
66665
66672
66664
17899
26813
14258
14310
33258
34918
13846
26400
19266
20554
17675
17676
17940
17984
18121
42648
19455
25310
28249
39363
50974
13981
16758
54819
26118
49573
49574
49575
63248
63904
46991
27904
63777
38974
18059
13771
14789
17879
17880
16021
16022
17868
17869
17565
16020
17675
17676
16023
61994
14030
14059
37491
28602
28603
28604
39976
50605
13862
28605
13863
28827
6501
14247
13284
62108
52380
48257
52797
53523
25752
48852
66897
63773
65096
65105
13036
13070
19519
19536
26394
65366
19483
65275
16649
23583
18693
18692
27840
11380
25382
19152
40413
40422
50398
60746
52592
52950
53710
56265
14247
53722
15557
16824
14918
43849
13735
13734
18718
18717
18716
13795
17540
39654
43476
41208
41692
36371
38031
61965
67094
29398
38493
17747
30904
18611
17688
35609
40049
30604
57655
49441
60323
27876
60589
66834
36394
36447
60199
18491
56461
52829
25382
10290
26648
18321
6319
38400
38867
39555
8693
8692
18697
15574
18006
18028
18199
18200
13819
17989
17990
17991
17992
37771
9262
26476
36812
9637
9638
9639
18003
46747
18271
2682
5104
35951
57019
57454
15208
7770
7771
7772
13856
13857
17693
18401
18402
18586
18773
18826
58427
21017
21191
8863
13951
56054
58211
26504
1910
13947
13948
13949
13950
13952
2419
29937
55700
34715
26211
17004
27574
24915
51178
38581
43676
13230
40194
42463
28788
61458
62289
38074
13122
12751
12451
17736
35969
40279
26814
26820
18890
53147
35986
55501
40489
48683
48684
57584
57584
42126
44504
44906
45323
62007
52829
58467
23199
41614
27617
27623
27619
27626
27627
66853
18074
15844
17010
15558
41738
41872
60223
56511
38704
35766
26823
15458
62216
18340
8173
12949
35876
22039
9643
55233
67010
64232
31931
40374
51179
18081
16825
58317
61218
54183
26822
31904
64168
59365
42624
41769
12749
59719
25704
33796
16887
22007
50208
57420
47712
54467
55111
53599
48432
49293
47982
11037
28788
20479
20640
14828
55501
64290
30779
13914
18889
32244
39449
66781
12365
14720
56990
23954
66430
67963
26824
26817
31817
26821
26815
26816
55259
41113
19920
43408
44613
44874
43554
45633
31939
33746
34301
34354
34559
35979
27806
18494
15816
37601
38122
42675
57607
57743
57856
14398
14702
19919
10053
30363
20886
64590
23618
12602
36352
62933
19738
52933
54020
54421
54600
29900
14157
26812
14156
14155
48359
48881
49773
52893
57373
57525
66505
65111
10982
12065
6691
63915
25616
26375
64129
44960
45036
31600
58251
14113
38996
52843
17555
35951
18942
19008
60918
27269
38618
20703
61218
58467
50208
60998
60739
22266
27772
8864
33580
63804
33414
42464
47468
47469
48401
48421
48477
48519
49502
48520
48581
61920
50664
63794
36477
17345
45692
55855
8524
5147
57360
7268
19233
19248
10160
11645
7173
6377
33692
33693
19344
19249
20143
19345
17573
17809
57193
53540
60616
66852
19955
29772
19955
50447
56072
27610
18455
22016
64886
64798
67884
28412
33229
15361
58532
14751
25734
37273
31988
44453
48855
50356
33808
37914
16237
61789
67010
47459
33414
42524
26634
26720
26721
8074
54482
46604
15579
38362
46285
11588
18302
47350
31054
15107
17105
18027
44620
39031
36894
11301
46253
8650
8719
47042
36510
44356
66035
11622
35476
22918
12665
35969
26296
15371
8520
51120
64034
40213
27283
57584
57584
52933
27131
27132
27133
27134
55659
44723
34633
17184
62340
11646
53694
52376
39156
54456
47360
47404
47188
46907
18407
47062
46828
47345
47131
60746
10442
12949
62753
44160
37733
53399
63244
14288
22551
34285
44180
45886
51632
17578
51977
33157
50398
60739
42648
35064
35129
17757
18142
57584
57584
47743
43196
24257
23202
57992
53331
30906
30395
28891
63496
61793
57584
57584
64706
57870
46357
54963
54983
66715
57584
57584
6739
60916
11042
54393
64065
64091
46687
64729
67719
52065
65219
30696
44390
53848
24045
31432
31636
31720
33184
35732
27844
21343
46364
15593
11767
63777
61745
60665
64949
61664
65419
37762
39016
44346
48279
42586
29800
10604
54202
17509
62368
13794
15805
52376
63714
63409
38118
46142
30317
17285
34351
18724
17420
17238
17505
14803
14799
17947
17746
18055
17123
46183
47171
63179
37051
35223
38118
46142
17285
34351
17420
17238
14803
14799
17947
17746
18055
17123
63179
37051
35223
61218
20262
57584
57584
53595
42836
38150
24325
24888
38166
38696
52565
67620
54659
44467
63881
17541
65449
64939
64920
65421
64737
65403
63147
17542
16988
17590
58309
16886
17605
60798
46444
57712
17646
61642
66894
38225
39512
39513
22078
24962
19738
24924
17691
56327
54972
66839
57075
12603
63409
57584
57584
60986
29169
41769
17538
15907
61789
63349
17509
45969
24081
23939
24369
24305
67963
22613
37762
12250
12250
13771
14789
51236
13855
15739
14905
62581
65402
65405
39774
18873
18873
19454
13190
19112
20864
66695
16816
17140
44403
44713
63646
57403
57403
66978
63435
22917
15942
15846
15848
18162
18311
15303
19201
16710
14827
15032
22760
25715
26762
26763
26764
26765
26766
64008
27905
28937
43308
16128
20720
15847
13868
20773
19219
14791
15312
15433
15635
18294
18159
18295
18695
18169
26757
18179
19227
28150
19228
26758
21856
18312
18143
17930
27191
15071
15849
25707
28151
18313
25694
21277
26759
14309
64008
50655
39694
63734
36334
43718
38925
38493
50805
25949
37011
38335
37384
43761
8739
59886
59886
66480
49813
52669
50708
54035
58259
61524
54419
61489
64023
65491
57584
57584
34872
26609
18024
64792
19956
52919
6966
49004
65751
31800
66894
39256
13525
11176
12289
22078
24962
32643
62216
14805
39492
53309
53310
65187
25227
45031
45655
57584
57584
10289
34783
13299
33229
62318
50211
50024
46111
61091
41336
54308
66483
14285
14286
52927
33463
42525
32298
62753
11928
9261
8541
62196
57584
57584
58532
48135
12137
8186
8453
8454
8490
29844
29843
6838
13628
6994
9976
5423
12137
9644
17489
17493
17494
17518
17519
22048
19657
63768
9645
41986
42151
40172
40239
29549
60354
66834
57584
57584
41843
42088
54183
17840
62679
63846
23940
60821
61039
56149
66995
10689
25863
57584
57584
59073
65251
37084
20966
40750
67233
67382
58362
58366
12271
54819
42297
10685
37524
63253
38797
43712
43752
43772
44285
45458
63201
63174
39071
32244
27936
44160
41968
4933
57584
57584
57584
57584
65118
29523
64582
27573
26418
33734
37836
12566
64289
62196
21413
35019
44142
55639
65273
16849
13676
16884
63409
55569
58251
58467
65457
16816
17140
44403
44713
44198
44199
43924
35285
30117
38734
57584
57584
26436
26418
39738
62368
42590
13187
66995
46991
64909
12459
62581
66483
55367
31474
34800
18806
42615
43871
54089
43441
66430
38643
35718
54972
66839
38756
40052
42798
37569
40707
38385
12080
51120
61485
46033
44156
46224
42177
44697
61218
64952
54183
63341
62207
20705
16238
39679
34432
31069
32113
51876
24766
41066
26825
52431
33463
33339
63063
61994
9453
54983
24123
62051
64614
12399
12120
64949
53321
34496
23520
67889
17980
21001
52006
19956
44407
27281
22077
15823
45692
29476
18797
20262
19124
10697
33595
33595
56327
20971
17941
17942
47919
64066
66480
21804
22558
24768
38256
38257
38258
42635
62337
57866
55028
51269
50580
22262
22613
14609
24320
53536
22618
45012
25276
30917
30918
27314
41054
37075
37076
37604
38736
39885
40195
41251
37608
37616
37617
45013
41056
37630
41079
41080
49397
49398
49399
49408
49409
49446
57824
40625
61390
25752
59539
59539
59539
62007
33931
33931
39429
66883
45864
39325
38737
47717
22011
26680
30144
30654
35919
31988
52843
67848
64614
17828
14913
15642
53502
53503
67260
65273
49586
64645
51837
18920
19954
28332
29164
33745
52990
11132
24766
33132
38996
12005
16989
18865
18727
11036
19820
64130
17258
14677
35200
52487
52488
52489
45428
34731
27035
34731
27041
33250
33462
29802
27031
27043
36987
27033
27035
30423
27042
32065
27036
27037
27038
31944
27029
27044
27040
27046
31634
27047
41815
34731
27035
32854
62787
42310
32948
38034
54397
67253
31505
24007
66682
60752
61718
61248
62272
36635
34564
14285
14286
22078
24962
19738
24924
30268
33856
52990
29169
19662
56173
60618
51312
22572
44023
59886
12472
59886
12472
56558
17641
56054
58211
58698
30117
17319
21215
25378
27379
28286
23508
19186
29918
18996
20414
17577
14404
14541
24861
20894
24636
53950
65494
66652
21912
17271
29476
25403
26352
25149
14804
35971
17360
42472
56309
43980
63496
28891
24257
23202
26362
20490
17752
18067
17692
18415
18416
18034
17281
35089
56149
33580
26362
13772
62215
19035
13765
15554
65878
40085
62368
13737
61227
34364
35019
44142
15286
20441
21221
20457
21199
22268
21257
65092
53564
44762
67927
51659
50521
51591
64119
51515
50725
50997
51083
60738
47324
36777
27694
56390
66771
17794
14071
21013
14259
60223
64165
63260
65025
28332
29164
44157
44157
57360
29781
31295
43686
60896
40625
43686
21669
42525
32298
4935
29049
28789
40496
40902
42211
27623
65402
65405
20894
55639
17868
17869
26894
52919
63303
64423
61675
59992
41413
63726
61270
40916
11035
51313
16465
29565
7809
41100
30703
47062
57425
33316
61747
36814
18358
7263
18427
63141
4785
35854
31918
23423
31863
63887
32138
24960
14792
10680
63161
17709
61920
61980
62024
62120
63679
26685
36900
30553
4708
26868
65219
51725
30211
45953
44617
28412
53279
53497
53640
54311
57360
60847
26376
67281
57584
57584
66985
66817
39637
67863
62114
63222
38849
61075
11178
63187
65059
48368
64719
38527
48135
65109
65349
65052
68010
38913
37184
37183
36086
17458
62106
27282
40247
40248
64222
37133
14082
14082
4688
12284
45207
12174
13027
13336
13385
13400
13490
13793
14820
13562
13654
59151
14082
14082
22039
57719
58467
11300
11678
15686
7770
7771
7772
58362
58366
36909
36910
36911
17670
10263
25839
23098
26124
24573
44543
47756
27281
26351
64144
27186
64144
50007
53536
55367
41968
36315
13622
12504
12504
19187
20396
35840
51214
27427
27976
30013
33807
33832
33861
33869
33875
34620
37654
26531
27773
27807
61088
38316
64289
65105
25039
25526
21896
26435
64153
49725
9453
57584
57584
60052
55640
31628
34445
36011
39739
46527
48590
51612
44488
31137
10841
10768
61738
11048
36729
11046
33534
29823
9818
54972
66839
56518
57419
42986
44300
51606
10746
11199
11714
14790
12949
38996
30587
11450
10775
11175
11495
11596
11597
12011
45119
45312
46387
46470
50144
51266
51423
52753
53247
55167
56374
56523
57430
57567
60610
67024
67074
67158
67940
68036
18353
11131
17457
14793
51372
50593
52145
59781
61373
63271
61160
66480
19631
36468
36469
41099
19862
43567
52379
63712
57584
57584
44958
61460
52707
19234
48011
48011
62399
18610
27970
43561
20829
37201
14115
16239
12949
31904
64168
56474
56473
14115
16240
17632
42896
26571
35319
36001
54983
50278
54231
13189
47632
13478
60739
62179
50708
42212
42212
57584
57584
48529
49168
58801
58706
60394
23801
26510
26511
40095
18738
20415
22552
41967
42186
42694
43311
42662
42141
42744
39335
39876
30602
39877
40189
29332
26859
24490
43321
38243
38244
41992
42021
47969
47522
45953
44617
23279
28568
41969
43307
41486
52592
52950
53710
37305
53722
28168
28168
28168
28168
17810
22548
68086
67245
57023
44877
67741
62922
62508
26807
26808
44181
26809
54528
44139
66681
57775
16820
7012
37854
7818
38316
64289
60030
60033
16862
23596
6318
5130
3645
5178
20498
40086
43535
50173
57270
5318
5644
65595
57584
57584
45121
33033
42497
38361
45513
39314
63063
38243
38244
41992
42021
28200
61318
63543
63319
59327
63470
48529
49168
58801
58706
32194
52629
29758
27313
25364
33315
34332
34342
34608
27573
30268
33856
24260
61472
65969
51666
63137
64305
54035
38996
26819
33388
35151
35163
37634
18152
60635
44068
26092
28080
27144
28081
28082
28534
28622
28828
30067
30994
32509
33744
36938
64084
65522
63167
59859
42472
56309
43980
67320
67924
66805
52635
57584
57584
22253
11646
31805
42192
64371
64990
66929
65684
68199
68138
50664
47345
12620
41116
11905
51149
21966
18446
18537
28211
12949
26806
20246
22394
23567
13231
13221
14539
20635
52933
28258
35150
61181
12230
12782
12893
13192
13475
19700
53147
60810
24960
11037
63305
63329
52611
16238
55554
46931
46932
10906
46111
17335
16743
46541
54873
41578
53805
5258
48006
17459
44483
38996
57584
57584
63905
22054
12401
40399
55605
54819
41577
55605
18089
64289
18083
24260
57865
41903
51405
60924
38996
63726
26350
26943
27627
15915
15915
14251
20950
18073
12504
12504
57360
57788
57789
57790
43784
58828
59431
57964
35390
42300
43315
46625
46626
46627
46628
39016
64066
12230
12782
12893
13192
13475
53183
35134
35754
41428
30638
64645
33205
34803
35643
36025
45679
64721
26092
28080
27144
28081
28082
28534
28622
28828
30067
30994
32509
33744
36938
42743
45212
45213
26562
29772
46991
45176
44958
45374
67910
62051
57584
57584
57506
57023
17602
9053
52288
27828
38400
38867
39555
56212
35445
56646
14397
17561
33931
28891
20972
33931
17098
28227
32297
47196
57584
57584
62007
43789
43789
53321
38313
43561
23463
49743
55869
17641
56892
56952
40213
64289
55569
60417
55733
56997
16022
37096
66978
45715
26810
36455
59992
54020
54421
54600
17233
17232
17231
17234
17235
17236
19984
50267
31117
41123
41124
26091
15823
61383
11040
57919
14082
14082
12562
55175
20761
48383
20790
67094
15267
15267
30484
52376
44407
40530
25734
24960
25615
27828
47321
48650
47802
48282
57262
15146
16817
16818
16819
15811
43294
25680
64850
45411
67320
65402
65405
29052
38996
57766
39774
26710
35971
64086
64838
15152
67999
26827
57403
57403
17983
23610
21825
11747
59327
29052
64427
64428
62100
62615
12999
8946
13743
2650
2999
2998
3000
64145
58698
60720
61528
64213
15075
15288
31433
31433
29397
14115
13798
30638
14115
26432
49004
44359
40095
22889
51631
63380
54972
66839
12562
61181
11766
48830
49783
36528
15790
15790
27625
63248
63904
57745
57746
57747
43652
60383
52380
48257
52797
53523
25752
23954
17691
41731
23801
50655
63726
50398
21413
53761
51149
43782
51236
37805
41991
38996
25403
26352
36947
40456
39173
60850
61697
28370
27308
41385
57584
57584
23589
67387
66674
26894
10682
29191
33339
43306
12829
13807
33893
33894
33895
33893
33894
33895
53082
31440
15113
9824
30226
20199
44255
4559
9891
57584
57584
61458
57584
57584
26804
47133
16850
18133
66761
12488
47986
47984
46902
47987
43277
39325
38737
37678
29805
63674
49355
56708
29302
56668
55423
55423
37384
44354
54873
53805
17098
64966
43567
22768
22769
52511
63185
30211
4936
40855
16888
29823
29887
30144
29775
30654
30633
31022
2820
35005
51338
61239
2820
44187
67469
67853
44931
35103
31475
64116
67094
22192
46837
14911
40272
15589
57584
57584
28230
36316
37053
45970
60666
27854
61868
61876
61970
62021
67205
39687
64274
37306
66878
37951
27694
52669
57584
57584
49813
26710
36352
7854
27303
61274
57687
27304
65845
65845
40516
30930
9893
39171
57584
66793
57584
1256
58265
64966
57762
64862
57839
58260
58476
64663
63260
65434
19149
33534
43848
42524
60450
26566
62615
64645
64213
47479
57584
57584
54387
16421
43003
16649
43004
16885
17707
60827
61408
28718
23828
25036
15598
61639
64113
60810
60882
17044
42554
13594
13965
14692
28373
28429
28624
28787
28829
29012
29755
31725
29279
61383
26488
61666
56265
39071
66709
63906
63920
62147
32963
19992
57929
17044
57929
39880
55430
56918
56919
41970
60106
60355
42659
62753
62404
62405
62406
17252
41226
35262
40695
37987
39201
41644
42432
33083
62960
29651
34692
34693
60812
12862
13431
14372
61411
25981
28977
14564
13668
17225
12666
13258
13374
12338
12837
13629
13837
13838
13875
13839
43889
13917
14038
17795
13653
58299
15397
13380
39101
41322
42765
32640
14688
13671
13744
13818
15584
17589
13303
13016
17911
39738
15388
37989
16286
18075
20254
23582
13025
12865
62787
12869
13892
15226
13198
15235
12448
12447
12367
12534
34204
30831
28623
12889
26614
18205
15239
45753
15287
13592
17251
13263
62368
32640
39738
20623
57584
57584
27308
59859
61357
33422
42472
56309
43980
19540
57584
57584
36780
63144
58063
20108
20895
21023
21792
22385
22068
22386
45176
64952
14693
20234
15150
18718
18717
18716
41428
14683
14192
15372
62207
20325
27772
40551
39360
44157
44157
40551
41385
14069
41385
35444
66704
66645
48830
53374
18112
62393
63296
55259
49761
49943
49712
33315
34332
34342
34608
14703
18825
16828
59886
12472
59886
12472
9893
9892
53761
51084
61636
32798
26780
64290
51156
31070
41984
19972
20507
12969
12993
13456
13013
12979
18090
15058
11621
12783
14247
11434
35404
15059
15057
66883
35285
30211
34561
32808
18849
43901
15942
15846
15848
18162
18311
15303
19201
16710
15032
22760
25715
26762
26763
26764
26765
26766
16128
20720
15847
13868
20773
19219
18169
26757
18179
19227
28150
19228
26758
21856
18312
18143
17930
27191
15071
15849
25707
28151
18313
25694
21277
26759
15310
15310
62404
62405
62406
51237
42212
42212
20013
63661
12331
12080
60589
62179
28227
65491
43686
43686
66430
52331
52332
20262
24424
20013
60711
64776
51313
37201
63248
63904
57745
57746
57747
26749
27644
49312
37896
36437
60891
29282
42924
42594
16235
27837
33032
15790
15790
60810
66924
67933
19232
7812
67086
57075
1981
51505
54202
57419
67924
64798
797
36635
801
796
60882
803
48933
60030
60033
798
48004
53749
53779
30977
30978
802
28217
26863
61772
61816
61856
61905
62013
62092
43784
18123
38704
57584
57584
43003
32194
48004
57584
57584
66965
66117
16851
30582
38971
39024
39825
15295
15296
33454
38435
18921
18922
18923
18924
18925
27843
29094
31983
39311
16876
16875
66430
19075
20664
17916
62248
19689
60323
36437
42648
17640
61691
61733
43789
19662
43789
62508
63661
64787
63846
53284
66827
67129
53321
61538
26567
60828
39328
41087
41101
41112
41114
56474
56473
17044
17734
65082
42590
19075
20664
45121
33033
42497
38361
45513
39314
20564
25756
28427
30913
31952
42292
26336
30633
16336
45121
33033
42497
38361
45513
39314
44346
5892
64935
49878
27831
55456
52592
52950
53710
53722
61035
12752
19112
20864
66795
36708
26607
54952
17656
66725
65420
36207
36260
36058
9945
9894
10385
10678
10953
11423
11964
12295
12258
13607
67136
27380
27381
30603
31846
41965
42298
44675
43312
43313
45014
45015
61134
61602
45211
63575
63576
65989
65990
57824
57584
57584
64369
40193
42636
42637
43310
43309
44689
44710
57929
57929
34560
67243
6309
17668
34435
11038
28397
62812
61258
17696
54339
30514
30513
30516
30515
63714
17552
47720
17949
17950
17951
46447
43761
15557
17264
36482
15882
15815
26531
27773
27807
33258
34918
62787
12301
38400
38867
39555
57584
57584
29279
60594
54182
35657
38335
30009
30008
24555
12487
11622
41155
37401
56892
55766
17643
18995
20690
43567
2820
17551
40877
47133
61239
2820
52629
58317
57547
65224
14705
14704
24962
16988
16886
20479
20640
56515
28254
31260
32621
18084
44807
52585
44468
44260
51373
14115
14115
20394
46350
20394
33106
33408
33590
33851
34212
34516
34547
34976
34998
35028
35100
35166
36868
37040
37135
37248
37319
37417
38042
38089
38159
38210
38271
38320
38358
38392
38442
38499
38576
38639
38725
38987
39117
39327
39405
39436
39481
39533
39589
39719
39837
39836
39901
40011
40107
40308
40720
42487
42627
42939
43239
43436
43632
43839
43964
44095
44473
45650
45855
46137
46245
46373
46461
46598
46721
46765
46832
47009
47124
47918
48061
48259
48462
48687
49005
38543
46282
46314
45967
46490
46525
46557
46646
46673
46876
46916
47255
47301
47329
47395
47414
47477
47514
47552
47645
47680
47740
47783
44357
44310
44141
44232
44277
44696
44756
44812
44861
44519
45437
45501
45533
45575
44589
45607
45704
45722
44634
45879
45892
45911
45935
45947
46003
46065
33031
33069
33440
33655
33675
33699
33711
33840
34119
33881
33882
34231
34349
34363
34385
34389
33633
35209
35235
35267
35286
35309
35343
35376
35406
35446
35482
35798
34264
35814
35827
35871
35880
35897
35908
35929
35938
35955
35988
36596
36630
36647
36676
36704
36706
36738
36742
36806
36786
36807
36331
37428
37473
37506
37526
37555
37577
37760
37769
37798
37799
37851
37874
37886
37941
37971
38002
38729
38760
38778
38842
38868
38883
38912
38935
36357
39153
39165
39183
39240
39241
39242
36369
36380
36413
36436
36454
33489
33518
14538
22429
17662
22416
30195
30196
32952
34456
53737
54087
58170
55446
59442
31295
30046
29539
22575
24515
29950
23615
29956
25370
30521
23285
29538
29985
25434
29925
25435
30512
29943
29986
29537
25576
29536
30517
29922
23047
29923
30518
29924
25394
30519
25503
29933
30520
26415
14609
59525
67283
61747
29887
29775
17834
17834
41038
41039
57584
57584
10061
45468
35124
34008
52123
35498
45590
20568
15112
29302
61039
17660
46111
4717
11927
15203
5082
4968
4548
799
38674
11589
14163
16826
55869
17798
14287
5081
14806
8174
8175
14810
7442
26823
17914
60450
15646
17796
11484
55135
5126
12533
20973
800
3456
46541
45058
14162
16827
17832
54873
5097
5095
5096
4791
53439
64067
52520
35052
67275
30638
16066
16067
13794
61747
64939
58309
64290
53634
17261
43307
49542
38057
38058
38059
39921
62216
23019
23020
23158
66897
44198
44199
18211
9655
15434
29476
50069
22383
48518
62874
26681
48781
54387
37138
63285
17623
17399
61008
12246
18669
20700
44242
67252
18749
18940
25097
26101
30781
30782
30783
30784
30785
30786
30787
30788
30789
18919
18920
57656
45787
56545
39811
40025
47623
27931
46870
38242
46469
18543
4771
59859
4650
44017
25734
50340
4718
4651
4772
4648
4649
5138
15804
15805
29772
42131
3644
4647
29783
44157
44157
60030
60033
44323
49977
26943
28176
50083
51364
51802
52282
52428
20372
11748
11748
64706
57584
57584
58063
44402
43760
48878
66845
59151
61675
12472
12472
64590
60656
37050
61373
57584
57584
58510
57584
57584
62147
57584
57584
57182
37990
57204
47846
42711
10683
15555
14693
20234
51236
15150
14683
14192
15372
1339
23917
23830
27808
27809
64008
65150
41364
41364
50211
50024
57584
57584
55605
55605
40763
40768
18152
63193
67120
43784
57584
57584
15556
67080
17673
17661
13207
13339
13383
13523
13524
13727
51214
17516
6497
16852
5154
8712
7462
56622
55517
17553
17831
8560
57461
6558
5711
20974
24850
5250
13866
8416
17517
8561
34451
8907
17533
34528
17557
8563
7461
6470
56808
46447
