29640
26404
50430
61415
66023
21143
20029
21144
39947
39948
61594
14307
46279
54430
15532
29731
67248
61244
59154
15532
29506
26314
64589
17073
62361
17341
57505
63823
10825
26947
12275
12274
12276
19543
16109
16109
53552
41106
16109
16109
53552
41106
30892
66626
29799
25317
16105
13458
18157
16149
19643
43276
45770
20099
47287
47631
48903
16149
10293
57648
41884
320
66591
57303
46201
49063
52502
38885
43861
28967
46201
49063
67638
67895
63019
53947
11081
11081
60210
66337
66338
66339
66340
40420
51019
51020
51689
28904
19496
67481
15531
15531
28929
13608
16132
17974
28430
59797
34565
10255
38836
52595
15046
25317
61189
47103
60464
49280
53517
49470
51858
58298
48783
63680
55157
12848
47057
54120
40544
43432
43033
43017
50126
50726
54285
53003
40827
13264
60510
25687
45250
66285
39947
39948
10814
10814
53552
58484
54283
58545
55038
56770
28106
67726
40827
65034
25705
41842
60376
65584
27167
44112
45829
45830
45831
45832
45833
45834
45835
45836
45837
44112
25640
16413
14944
28927
57781
16670
27736
24536
66514
37139
30122
65719
41746
33474
24466
47287
47631
48903
43030
23236
21651
67137
40182
67843
10822
14308
62850
26983
61438
13519
41106
63810
63816
67917
20159
63509
51019
51020
51689
29506
59539
59539
59539
42321
41853
67408
66023
38124
44112
44112
26771
28002
29731
15725
15725
10821
60284
23600
45438
29706
45180
54436
55917
58643
63328
46196
46496
20738
20738
20738
8870
43400
62019
54430
30275
64775
9890
16319
62986
29014
41575
47092
39312
37747
45508
24925
61508
67197
23239
40827
41106
49298
50351
53171
56283
53131
53741
53742
33885
41337
16625
62691
63402
65999
66262
2000
57955
61202
15115
16110
35905
40066
41161
57654
25255
25687
20011
36558
14235
14235
22975
37747
55440
63061
63061
27695
19106
25687
66337
66338
66339
66340
10262
61739
11047
11047
57303
52050
52894
56047
51458
51711
50341
58375
51627
54934
51029
53867
50365
51604
53930
51870
51569
25807
55616
53413
47650
52857
54112
54471
40827
29706
40358
27738
16082
50291
15531
42065
15531
26756
57303
67939
44309
64945
64946
64947
10228
58425
59629
40827
61887
62201
23617
67092
61851
29901
36453
44112
44112
24988
41106
24823
31544
33809
29576
47388
48954
44529
51724
42456
11657
48081
41106
60147
39930
15781
15781
53462
25074
38836
60510
28542
30053
30175
60884
60927
56454
50027
29078
24208
58865
41106
29061
47184
49660
27295
33275
39113
64656
28978
27900
44584
47572
54282
27100
24802
22909
38836
66285
57654
58221
57828
58916
58713
49333
36990
67354
26508
49914
51465
57035
50526
52837
51130
67819
60748
41106
33227
52036
29677
41789
45183
27757
62359
36318
40066
58375
15532
15532
58194
58261
49413
58103
27326
27326
47287
63228
64775
28408
62359
65486
65584
67555
67354
12368
12368
44112
44112
62564
60117
44112
44112
64058
66866
66867
62691
63402
49376
62450
20930
45151
44112
53927
44112
63061
63061
46496
29703
22065
25671
10909
55215
46496
36990
13216
20159
14765
15066
33809
29576
16059
16372
33406
16059
36805
56251
46246
57654
58221
24801
28592
41106
27738
52499
67819
65486
65584
61831
61832
61022
56301
64974
53718
64188
29497
36453
49258
49259
46496
52262
50492
52682
55796
62926
63700
9980
39209
62201
67524
65738
46771
5201
5201
54386
42705
27121
44112
44112
54064
61887
44112
44112
44112
44112
52262
29301
29301
59539
59539
59539
39312
59244
53587
53588
53589
53590
31541
67676
29920
25807
45945
63424
34731
27035
34731
27035
34731
33461
29803
34091
36986
27035
27034
30716
31633
27048
42023
26845
44305
57505
10262
61573
40827
29830
50492
52682
55796
25054
62926
63700
39579
40724
61594
53330
66591
44112
44112
31724
11663
44112
44112
44112
44112
18289
62711
37382
65689
64668
56451
61739
24250
14722
49437
37590
29610
49333
63600
63767
54386
66902
67231
63359
62211
47287
47631
48903
59686
15725
15725
18166
19898
43861
16201
52795
53405
26545
55215
67939
40827
52795
53405
58261
5201
5201
63061
63061
12368
12368
53837
65880
53207
65937
54436
55917
58643
63328
57828
58916
46771
26284
33690
25988
36253
37067
37095
55215
52837
57648
67092
43950
44112
44112
35407
60927
44173
58194
63464
13516
24208
61700
63030
49258
49259
30052
18783
16109
24917
16059
16109
24917
16059
25687
26947
51130
49013
26231
65486
68131
61831
61832
56251
61465
61594
39647
39647
15334
52469
10236
12503
12502
12501
12500
53421
10236
29105
35905
40827
15781
15781
26028
62356
11071
31707
65486
23035
52894
51458
51711
50341
51627
51029
53867
50365
53930
51870
51569
53413
47650
52857
54471
13904
14236
10814
10814
9980
13479
41106
57960
62870
47768
57982
57448
29640
29105
29770
68015
67961
66337
66338
66339
66340
58221
63823
32235
36573
42727
39990
24601
11529
31637
42323
27738
31013
25777
37637
30425
32364
40810
38814
30535
39444
39613
30053
29831
42376
36940
26655
40827
34565
21282
38885
37590
60137
55514
55812
55882
56044
52597
58059
18005
65632
49756
51450
54791
17491
17406
40827
15757
15421
15633
31066
58425
54791
31544
52795
53405
62952
60634
62785
54282
61851
36558
60147
41842
23957
54228
63922
12627
14995
25812
24127
55058
53429
49388
65158
25807
57225
14318
49417
49418
59925
64439
67631
16372
15725
24917
67189
66488
55563
14311
67817
67126
21906
67155
31464
25956
57261
57263
57264
15725
28002
17443
48091
48092
48093
11070
17013
67415
48946
48944
48945
65333
24917
54521
67705
17340
52392
21831
67360
53355
63412
63413
63414
54423
31465
55139
54861
15206
55915
16961
66979
40827
49433
59879
48857
40595
13492
9980
9980
12435
26929
27064
29137
26506
29663
30280
28212
26404
44918
12840
46196
25807
25320
27695
46265
49354
56519
58910
56219
48651
48652
61339
66626
18228
32315
65999
66262
54064
13507
20852
58331
60675
66373
25687
66554
56051
50437
53185
56624
56452
57388
57675
58077
60971
11663
11598
5877
5878
5879
5880
5881
16372
33406
36805
57505
15353
15353
65410
65165
40827
41106
40827
41789
57550
54522
52795
53405
49560
56010
59492
14796
20855
30903
14839
14795
18600
47584
22899
21143
20029
21144
62211
62711
15353
15353
1619
39579
40724
65815
11669
67092
19847
65988
42642
18580
57590
16625
15027
46279
61874
65024
64418
63525
36546
55206
14329
15054
65937
43401
49914
51465
57035
50526
52837
51130
62986
41106
41106
19847
67354
44112
44112
61917
67348
33267
54386
44112
44112
44120
33690
25988
36253
37067
37095
20401
31707
57654
58221
47584
53207
59686
56454
47052
43493
67524
66949
63509
62627
59189
18784
24208
23206
6528
62627
45438
39446
49914
26078
29511
29770
14235
14235
29799
28408
65685
25320
66866
66867
15127
15127
25807
66023
21143
20029
21144
46000
47784
41106
10261
10909
44512
49149
59852
49836
44358
55916
40827
18723
2367
38836
63378
63587
5877
5878
5879
5880
5881
30213
35882
62984
13210
27214
53330
30986
17338
17317
52093
53436
16484
17430
63101
22092
17223
31613
49359
58049
55448
10506
42424
46182
42440
68154
28106
65719
47346
53718
63359
29677
67092
37382
26231
65165
68131
28408
57035
60198
23206
67408
65034
12457
50526
41161
65410
53798
18798
11302
62559
61361
62475
48940
28281
51465
61508
67197
7109
9895
5985
9980
59631
24250
16119
16119
16119
66949
24988
10255
60927
50757
51721
48302
48654
62840
45171
53743
48670
24031
64465
5201
5201
55480
58275
53294
